60 jsa 730 27
50 jsa 730 27
40 jsa 730 27
30 jsa 730 27
20 jsa 730 27
10 jsa 730 27
70 jsa 630 27
21 mm 88 22
11 mm 88 22
71 kkhj 22 44
91 nsd 828 221
31 jsa 737 27
41 jsa 737 27
51 jsa 737 27
62 ls 93 21
61 jsa 730 27
12 ls 93 21
22 ls 93 21
32 ls 93 21
42 ls 93 21
52 ls 93 21
89 jsa 730 27
13 jj 77 4
23 jj 77 4
33 jj 77 4
43 jj 77 4
53 jj 77 4
63 jj 77 4
14 jj 77 4
24 jj 77 4
34 jj 77 4
44 jj 77 4
54 jj 77 4
64 jj 77 4
74 jj 77 4
84 jj 77 4
15 jj 77 4
25 jj 77 4
35 jj 77 4
45 jj 77 4
55 jj 77 4
65 jj 77 4
56 jj 77 5
116 ksa 883 32
706 chestoncold 86 55
16 jj 77 4
26 jj 77 4
36 jj 77 4
46 jj 77 4
37 jj 77 4
17 jj 77 4
27 jj 77 4
47 jj 77 4
57 jj 77 4
67 jj 77 4
77 jj 77 4
18 jj 77 4
28 jj 77 4
38 jj 77 4
48 jj 77 4
58 jj 77 4
68 jj 77 4
78 jj 77 4
79 jsa 730 27
69 jsa 730 27
59 jsa 730 27
49 jsa 730 27
29 jsa 730 27
19 jsa 730 27
39 bcomplex 97 8
